path/01.jpg 1 159 183 249 274 0 295 170 171 285
path/02.jpg 0 129 150 149 206 1 266 151 136 271
path/03.jpg 1 161 286 274 253 0 298 203 165 327
path/04.jpg 1 134 160 216 270 0 297 148 147 253
path/05.jpg 0 138 145 254 203 1 208 145 415 226
path/06.jpg 1 117 191 237 213 0 281 215 136 138
path/07.jpg 1 130 165 167 293 0 293 218 157 189
path/08.jpg 0 63 203 51 81 0 126 153 48 172 1 166 209 41 63 1 209 204 45 73 0 221 166 50 150 1 264 191 65 106 1 327 134 119 217
path/09.jpg 0 71 155 131 218 1 216 159 126 236 0 334 140 125 242
path/10.jpg 1 55 185 91 135 1 118 193 59 115 1 182 179 81 150 0 337 119 157 73
path/11.jpg 1 126 125 133 239 0 223 185 93 100
path/12.jpg 1 136 201 212 289 0 313 254 169 168
path/13.jpg 1 125 141 248 193 0 328 156 144 169
